Input matrix B size: 100 x 100
warning: glmfit: maximum number of iterations has been reached.
warning: called from
    glmfit at line 394 column 5
    remove_phylogeny at line 42 column 14
    coevolution_analysis_v3 at line 45 column 15

Bcap size: 100 x 100
Lambda size: 100
Running shuffle 1 of 50...
Running shuffle 2 of 50...
Running shuffle 3 of 50...
Running shuffle 4 of 50...
Running shuffle 5 of 50...
Running shuffle 6 of 50...
Running shuffle 7 of 50...
Running shuffle 8 of 50...
Running shuffle 9 of 50...
Running shuffle 10 of 50...
Running shuffle 11 of 50...
Running shuffle 12 of 50...
Running shuffle 13 of 50...
Running shuffle 14 of 50...
Running shuffle 15 of 50...
Running shuffle 16 of 50...
Running shuffle 17 of 50...
Running shuffle 18 of 50...
Running shuffle 19 of 50...
Running shuffle 20 of 50...
Running shuffle 21 of 50...
Running shuffle 22 of 50...
Running shuffle 23 of 50...
Running shuffle 24 of 50...
Running shuffle 25 of 50...
Running shuffle 26 of 50...
Running shuffle 27 of 50...
Running shuffle 28 of 50...
Running shuffle 29 of 50...
Running shuffle 30 of 50...
Running shuffle 31 of 50...
Running shuffle 32 of 50...
Running shuffle 33 of 50...
Running shuffle 34 of 50...
Running shuffle 35 of 50...
Running shuffle 36 of 50...
Running shuffle 37 of 50...
Running shuffle 38 of 50...
Running shuffle 39 of 50...
Running shuffle 40 of 50...
Running shuffle 41 of 50...
Running shuffle 42 of 50...
Running shuffle 43 of 50...
Running shuffle 44 of 50...
Running shuffle 45 of 50...
Running shuffle 46 of 50...
Running shuffle 47 of 50...
Running shuffle 48 of 50...
Running shuffle 49 of 50...
Running shuffle 50 of 50...
lambda_max_rnd: 4.0461
pos_thresh: 0.23789
neg_thresh: -0.22558
Alpha (number of significant eigenvalues): 3
Starting computation of gamma_k thresholds for 3 PCs...
  Finished gamma_k computation for PC 1
  Finished gamma_k computation for PC 2
  Finished gamma_k computation for PC 3
All gamma_k thresholds computed.
Gamma_k size: 3
Standardizing the input matrix...
Computing initial eigenvectors...
Starting iterative thresholding...
  Iteration 1, distance = 1.000000
    Thresholding PC 1...
    Thresholding PC 2...
    Thresholding PC 3...
  Iteration 2, distance = 0.965054
    Thresholding PC 1...
    Thresholding PC 2...
    Thresholding PC 3...
  Zero vector encountered. Exiting iteration.
Iterative thresholding completed in 1 steps.
Computing support sizes of each principal component...
  PC 1 support size: 1
  PC 2 support size: 1
  PC 3 support size: 1
Sparse principal components computed.
PC_roca size: 100 x 3
Number of fully absent domains (all zeros columns): 0
Total number of columns in B: 100
C_hat =

 Columns 1 through 12:

   1.0000e+00  -6.3689e-02   5.9783e-02  -2.1237e-02   3.8961e-02   3.3623e-02  -2.3824e-02  -8.6549e-02  -5.5289e-02  -2.3735e-02   5.4633e-02   1.0445e-01
  -6.3689e-02   1.0000e+00  -2.8113e-02   1.1673e-01  -1.6890e-01  -1.0747e-01   1.9088e-01   2.8358e-01  -7.2716e-02  -1.4080e-01  -4.9567e-02  -1.1135e-01
   5.9783e-02  -2.8113e-02   1.0000e+00   3.8009e-02   8.4641e-03   2.9363e-02   2.2842e-02  -3.0714e-02  -2.8215e-02   2.2437e-02   1.4576e-02   8.8739e-03
  -2.1237e-02   1.1673e-01   3.8009e-02   1.0000e+00  -7.1603e-02  -2.3388e-02   1.0870e-01   1.0894e-01  -4.4329e-02  -2.9099e-02  -2.0081e-02  -6.4674e-02
   3.8961e-02  -1.6890e-01   8.4641e-03  -7.1603e-02   1.0000e+00   5.5880e-02  -1.0962e-01  -1.5530e-01   4.0700e-02   7.1323e-02   2.8269e-02   6.6339e-02
   3.3623e-02  -1.0747e-01   2.9363e-02  -2.3388e-02   5.5880e-02   1.0000e+00  -5.2496e-02  -9.8843e-02   1.5539e-02   5.4108e-02   1.9039e-02   3.5050e-02
  -2.3824e-02   1.9088e-01   2.2842e-02   1.0870e-01  -1.0962e-01  -5.2496e-02   1.0000e+00   1.7416e-01  -6.2164e-02  -7.2155e-02  -2.8577e-02  -8.0124e-02
  -8.6549e-02   2.8358e-01  -3.0714e-02   1.0894e-01  -1.5530e-01  -9.8843e-02   1.7416e-01   1.0000e+00  -5.7255e-02  -1.1967e-01  -5.1735e-02  -1.1469e-01
  -5.5289e-02  -7.2716e-02  -2.8215e-02  -4.4329e-02   4.0700e-02   1.5539e-02  -6.2164e-02  -5.7255e-02   1.0000e+00   4.3521e-02  -3.4451e-03   5.0639e-03
  -2.3735e-02  -1.4080e-01   2.2437e-02  -2.9099e-02   7.1323e-02   5.4108e-02  -7.2155e-02  -1.1967e-01   4.3521e-02   1.0000e+00   9.6562e-03   1.6847e-02
   5.4633e-02  -4.9567e-02   1.4576e-02  -2.0081e-02   2.8269e-02   1.9039e-02  -2.8577e-02  -5.1735e-02  -3.4451e-03   9.6562e-03   1.0000e+00   3.7059e-02
   1.0445e-01  -1.1135e-01   8.8739e-03  -6.4674e-02   6.6339e-02   3.5050e-02  -8.0124e-02  -1.1469e-01   5.0639e-03   1.6847e-02   3.7059e-02   1.0000e+00
  -3.9693e-02  -8.8630e-02  -1.9623e-03  -2.8211e-02   4.5954e-02   2.9321e-02  -5.4511e-02  -7.2320e-02   3.9283e-02   5.8473e-02   9.3530e-04   5.1063e-03
  -2.1660e-01   2.9715e-02  -2.6356e-05   6.9576e-02  -3.0994e-02  -1.4569e-03   4.8064e-02   6.0678e-02   4.7382e-02   7.3063e-02  -5.4472e-02  -1.2718e-01
   5.7838e-02  -8.3115e-02   4.1647e-03  -4.5464e-02   4.8561e-02   2.6050e-02  -5.9040e-02  -8.2555e-02   9.8835e-03   1.9455e-02   2.3024e-02   5.3803e-02
   6.9171e-02  -3.6346e-02   6.7041e-03  -2.6497e-02   2.3398e-02   1.1467e-02  -2.7853e-02  -4.2782e-02  -8.8281e-03  -6.7407e-03   2.0200e-02   4.5096e-02
  -7.9354e-02   5.1860e-02  -7.0937e-02  -3.0040e-02  -2.1572e-02  -3.8698e-02  -9.9502e-03   5.4457e-02   2.8102e-02  -2.9687e-02  -2.1627e-02  -2.3062e-02
  -4.7907e-03   2.2004e-02  -7.6047e-02  -6.7352e-02   6.7535e-04  -3.3683e-02  -4.3325e-02   1.5891e-02   1.9755e-02  -4.7849e-02  -3.9571e-04   2.9003e-02
   4.7285e-02  -4.5230e-02   2.1916e-02  -8.8383e-03   2.4147e-02   2.0503e-02  -1.9120e-02  -4.6307e-02  -5.3594e-03   1.4268e-02   1.5412e-02   2.8102e-02
   1.1939e-01   2.1023e-01  -5.5705e-03   4.9791e-02  -1.0553e-01  -7.4098e-02   1.1812e-01   1.6696e-01  -9.6373e-02  -1.5415e-01   4.1683e-03   6.8114e-03
  -1.6191e-01   9.8795e-02  -5.7386e-02   2.5087e-02  -5.5122e-02  -4.5939e-02   4.2184e-02   1.0990e-01   3.0280e-02  -1.2328e-02  -4.7073e-02  -8.8704e-02
   1.0446e-01   1.0241e-01  -5.5663e-02  -4.2117e-02  -3.9194e-02  -5.6477e-02   1.0763e-02   7.0951e-02  -4.1339e-02  -1.2099e-01   1.5219e-02   5.5143e-02
  -8.9288e-03  -5.4435e-02   9.2801e-02   7.4675e-02   1.3208e-02   5.0535e-02   3.6693e-02  -4.1481e-02  -1.1451e-02   7.7881e-02   1.7700e-04  -3.5434e-02
   1.4530e-01   2.9988e-02  -4.0663e-02  -6.7582e-02   5.2451e-04  -2.9416e-02  -3.0689e-02   1.1822e-03  -3.4032e-02  -9.4336e-02   3.2540e-02   9.1108e-02
   4.5440e-02   7.1770e-02   3.0012e-02   4.8380e-02  -4.1164e-02  -1.4233e-02   6.4222e-02   5.8083e-02  -4.4831e-02  -3.8151e-02   1.1555e-03  -1.1077e-02
   2.8647e-02  -1.2445e-01   3.4167e-02  -2.4195e-02   6.3981e-02   5.1014e-02  -5.9309e-02  -1.1282e-01   2.0639e-02   6.6906e-02   1.9616e-02   3.4877e-02
   9.4537e-02  -5.5609e-02   5.0053e-02   3.1244e-03   2.8224e-02   3.1982e-02  -1.0557e-02  -6.1383e-02  -2.3889e-02   1.4668e-02   2.6535e-02   4.2910e-02
   8.6040e-02   5.2562e-02   2.9102e-02   2.8755e-02  -2.7761e-02  -9.8920e-03   4.5548e-02   3.4577e-02  -4.9064e-02  -4.5633e-02   1.2976e-02   1.7197e-02
  -6.4319e-02  -7.4935e-02  -1.9329e-02  -3.3776e-02   3.9773e-02   1.9721e-02  -5.5605e-02  -5.7279e-02   4.7209e-02   5.2819e-02  -5.6998e-03  -3.6758e-03
   1.8347e-02  -1.1679e-01   2.8240e-02  -2.4356e-02   6.0113e-02   4.6846e-02  -5.7470e-02  -1.0474e-01   2.2891e-02   6.4279e-02   1.6560e-02   2.9971e-02
   4.5787e-02  -3.1136e-02   8.8378e-03  -1.5973e-02   1.8595e-02   1.1418e-02  -1.9708e-02  -3.4336e-02  -5.0666e-03   1.2622e-03   1.3998e-02   2.9714e-02
   2.8465e-02  -1.4837e-01   1.7434e-02  -5.1156e-02   7.9870e-02   5.2825e-02  -8.7853e-02  -1.3494e-01   3.3911e-02   7.0113e-02   2.3046e-02   5.0121e-02
   2.0565e-02  -1.7426e-02   4.7989e-02   3.6396e-02   2.7026e-03   2.1738e-02   2.2701e-02  -1.5947e-02  -1.5942e-02   2.4832e-02   4.7918e-03  -7.6708e-03
  -3.4826e-02  -1.6497e-01  -9.0735e-03  -6.8383e-02   8.9132e-02   5.1205e-02  -1.1078e-01  -1.4112e-01   6.4690e-02   9.0257e-02   1.1179e-02   3.3589e-02
   6.6730e-02   7.4733e-02   3.1885e-03   1.6557e-02  -3.6739e-02  -2.5430e-02   4.2757e-02   5.5792e-02  -4.2365e-02  -6.1975e-02   6.9848e-03   1.3128e-02
   1.0082e-01   2.3488e-03   3.3636e-03  -2.2258e-02   5.0305e-03  -3.3491e-03  -9.1658e-03  -1.3719e-02  -2.8328e-02  -4.0215e-02   2.3347e-02   5.2801e-02
   1.2570e-01  -8.3606e-02   3.1661e-02  -3.5513e-02   4.8764e-02   3.3348e-02  -4.7190e-02  -9.2179e-02  -1.6987e-02   6.3421e-03   3.7894e-02   7.7328e-02
  -1.8632e-01   2.2933e-01  -4.2086e-02   1.0124e-01  -1.3058e-01  -8.1647e-02   1.4293e-01   2.3027e-01  -9.9943e-03  -5.8552e-02  -6.8515e-02  -1.4778e-01
   1.2437e-01  -1.4861e-01   8.3875e-02  -8.7097e-03   7.5192e-02   7.2706e-02  -4.9618e-02  -1.4655e-01  -1.3457e-02   6.5508e-02   4.2822e-02   6.9435e-02
   1.1180e-01   1.1768e-02  -1.1179e-02  -3.6126e-02   3.1304e-03  -1.1913e-02  -1.5595e-02  -7.9512e-03  -2.9329e-02  -5.6730e-02   2.5475e-02   6.3337e-02
   6.7574e-02  -2.1887e-01   3.5830e-02  -7.1892e-02   1.1784e-01   8.0527e-02  -1.2520e-01  -2.0253e-01   3.9919e-02   9.8263e-02   3.9591e-02   8.2877e-02
  -5.3472e-02   1.9796e-02  -3.0714e-02  -9.0514e-03  -9.1964e-03  -1.5184e-02  -3.5347e-03   2.4256e-02   1.8029e-02  -3.8183e-03  -1.3563e-02  -1.9669e-02
  -1.1024e-02  -6.1464e-02   1.0702e-02  -1.1599e-02   3.0934e-02   2.3964e-02  -3.0713e-02  -5.2080e-02   1.8867e-02   4.0061e-02   4.0199e-03   6.5375e-03
   8.8019e-02  -2.3399e-02   7.7641e-02   4.6388e-02   5.4978e-03   3.1575e-02   3.2659e-02  -3.0238e-02  -4.1683e-02   1.5677e-02   2.0104e-02   1.6150e-02
   3.5483e-02  -6.9203e-02   3.7949e-02   7.4384e-04   3.3672e-02   3.4307e-02  -2.1000e-02  -6.4750e-02  -8.9537e-06   3.9012e-02   1.4702e-02   2.0614e-02
   2.0158e-02   1.5318e-02   3.0226e-02   3.1907e-02  -1.2144e-02   4.9587e-03   3.0625e-02   1.2103e-02  -2.0301e-02  -1.5653e-04   1.6885e-03  -8.5559e-03
  -1.2266e-01   3.1530e-03  -1.9730e-04   3.3550e-02  -1.0064e-02   3.5117e-03   1.8093e-02   2.2238e-02   3.1245e-02   4.7980e-02  -2.9264e-02  -6.7941e-02
  -9.6402e-02  -7.3022e-02  -1.3162e-01  -1.3927e-01   5.5736e-02  -1.9236e-02  -1.3637e-01  -5.6931e-02   9.2673e-02   7.2663e-03  -8.6573e-03   3.4380e-02
  -1.4625e-01   7.3649e-02  -9.0838e-02  -2.3663e-02  -3.4621e-02  -5.0213e-02  -2.0998e-03   8.3228e-02   4.5392e-02  -2.3505e-02  -3.9048e-02  -5.6066e-02
  -2.3885e-03   3.8598e-02  -4.1244e-02  -2.5542e-02  -1.4159e-02  -2.6857e-02  -6.0048e-03   3.2203e-02   2.1723e-03  -3.9099e-02  -3.2357e-03   8.0692e-03
   1.3654e-02  -1.4695e-01   1.1415e-02  -5.2800e-02   7.9111e-02   5.0802e-02  -8.9588e-02  -1.3167e-01   3.9362e-02   7.2321e-02   1.9649e-02   4.4612e-02
  -7.0051e-02   3.3124e-02   1.6228e-02   4.8836e-02  -2.5622e-02  -2.3209e-03   4.3467e-02   4.1381e-02   2.3945e-03   2.0438e-02  -2.1022e-02  -5.6110e-02
   6.8825e-02  -1.0541e-01   5.1155e-03  -5.6630e-02   6.1305e-02   3.3147e-02  -7.4406e-02  -1.0399e-01   1.3777e-02   2.6417e-02   2.8140e-02   6.5841e-02
   4.4763e-02  -3.9039e-02   6.7472e-02   4.0958e-02   1.2810e-02   3.4648e-02   2.0274e-02  -3.7812e-02  -2.1945e-02   3.5623e-02   1.2147e-02   2.1279e-03
  -1.5224e-02   2.1680e-02   1.8365e-02   3.1777e-02  -1.6002e-02   6.0238e-05   3.0360e-02   2.2670e-02  -9.0649e-03   4.9582e-03  -6.8737e-03  -2.3839e-02
   3.4750e-02  -5.1786e-02  -7.3075e-02  -1.0533e-01   4.3106e-02  -1.0369e-02  -9.4742e-02  -5.5570e-02   3.1871e-02  -2.6172e-02   1.7293e-02   7.0671e-02
  -8.5274e-02   4.7740e-02  -5.5991e-02  -1.4903e-02  -2.2285e-02  -3.1887e-02  -3.9645e-04   5.2603e-02   2.5955e-02  -1.7607e-02  -2.3190e-02  -3.2576e-02
  -1.5271e-01  -1.0025e-01  -4.9222e-02  -5.1434e-02   5.2650e-02   2.0652e-02  -8.3547e-02  -6.7392e-02   8.8483e-02   8.5649e-02  -2.2334e-02  -2.9710e-02
  -5.1332e-02  -1.2027e-01  -6.5619e-03  -4.2936e-02   6.3198e-02   3.8320e-02  -7.7298e-02  -9.8761e-02   5.3950e-02   7.6322e-02   2.0329e-03   1.0264e-02
   5.2872e-02   2.2238e-02  -2.5786e-02  -3.1133e-02  -4.1069e-03  -1.8219e-02  -1.2166e-02   9.8331e-03  -1.2304e-02  -4.5512e-02   1.1008e-02   3.5346e-02
   6.3213e-02   1.4516e-01  -2.8585e-02   1.4177e-02  -6.9952e-02  -5.9154e-02   6.5091e-02   1.1691e-01  -5.3204e-02  -1.1135e-01  -5.8937e-04   6.5596e-03
   1.1355e-01  -4.6512e-02   2.3348e-02  -2.5435e-02   2.9128e-02   1.8937e-02  -2.7600e-02  -5.7872e-02  -2.2818e-02  -1.1179e-02   3.1116e-02   6.4021e-02
   7.1244e-02  -5.4500e-02   2.1126e-02  -1.9822e-02   3.0974e-02   2.2311e-02  -2.8977e-02  -5.8364e-02  -8.4301e-03   8.7120e-03   2.2160e-02   4.4311e-02
   1.2804e-01  -1.2530e-01   1.0205e-01   1.8550e-02   5.9625e-02   7.1467e-02  -2.0825e-02  -1.2545e-01  -2.7935e-02   6.1925e-02   4.0223e-02   5.5557e-02
   6.6666e-02  -3.8413e-03  -3.1601e-02  -5.1527e-02   1.2051e-02  -1.2390e-02  -3.5588e-02  -1.5789e-02  -5.6715e-03  -4.1299e-02   1.7513e-02   5.3408e-02
  -1.1295e-02  -1.3228e-01   4.9804e-02  -8.8512e-04   6.2844e-02   6.0534e-02  -4.7170e-02  -1.1252e-01   2.8365e-02   9.4918e-02   1.0430e-02   7.4785e-03
  -8.9923e-03  -1.6119e-01   3.7305e-02  -2.6245e-02   8.0906e-02   6.5352e-02  -7.6075e-02  -1.3921e-01   4.1156e-02   1.0174e-01   1.4840e-02   2.3423e-02
  -7.1141e-02  -1.6970e-02   1.8252e-02   3.0447e-02   1.2739e-03   1.4555e-02   1.2250e-02  -2.7000e-03   1.7946e-02   4.6458e-02  -1.5597e-02  -4.3111e-02
   2.6014e-02  -7.1199e-02  -2.8546e-02  -6.5546e-02   4.5482e-02   1.1887e-02  -7.2141e-02  -6.8827e-02   2.5410e-02   9.7136e-03   1.5557e-02   4.9277e-02
   6.3073e-02   3.0869e-02   4.9616e-02   4.6815e-02  -2.1007e-02   5.1742e-03   5.0080e-02   2.0181e-02  -4.3013e-02  -1.5192e-02   9.1793e-03   6.9351e-04
  -6.0520e-02  -7.3376e-02   2.3733e-02   9.8798e-03   3.1821e-02   3.4241e-02  -2.2005e-02  -5.4033e-02   3.1276e-02   7.2607e-02  -6.8339e-03  -2.3592e-02
   2.1964e-01  -7.9212e-02   5.1024e-02  -3.8752e-02   4.9474e-02   3.5233e-02  -4.1816e-02  -1.0208e-01  -4.9526e-02  -2.3885e-02   5.8697e-02   1.1777e-01
  -5.4808e-02   2.3125e-01   4.8254e-03   1.1520e-01  -1.3067e-01  -7.0673e-02   1.6288e-01   2.1380e-01  -6.0844e-02  -8.8640e-02  -3.9755e-02  -9.9839e-02
   5.8638e-02   1.6801e-02   1.5003e-02   6.7815e-03  -7.7211e-03  -2.3212e-03   1.4832e-02   6.4396e-03  -2.5764e-02  -2.4260e-02   1.1241e-02   1.9684e-02
  -7.9383e-02   5.8717e-02  -2.8203e-02   1.6488e-02  -3.2619e-02  -2.5855e-02   2.7385e-02   6.2985e-02   1.1596e-02  -1.1115e-02  -2.4260e-02  -4.6454e-02
  -4.9647e-02   9.4717e-02  -5.0471e-02   7.7023e-04  -4.6412e-02  -4.6397e-02   3.0015e-02   8.8879e-02  -1.9685e-04  -5.2204e-02  -2.0440e-02  -2.9541e-02
  -7.3209e-02  -2.0731e-02  -3.7314e-02  -2.7361e-02   1.2683e-02  -3.7252e-03  -3.2632e-02  -8.8879e-03   3.8320e-02   2.0636e-02  -1.3264e-02  -1.5350e-02
   1.1750e-02  -8.7336e-03   2.5914e-02   1.9763e-02   1.1346e-03   1.1497e-02   1.2618e-02  -8.1144e-03  -8.9933e-03   1.2817e-02   2.6617e-03  -3.9866e-03
  -2.3554e-02   3.6171e-02  -2.9404e-03   1.8205e-02  -2.0831e-02  -1.1795e-02   2.4615e-02   3.5607e-02  -4.3471e-03  -9.6990e-03  -9.5906e-03  -2.1966e-02
   1.4748e-01  -1.0378e-01   6.1120e-02  -1.9516e-02   5.6214e-02   4.9398e-02  -4.0687e-02  -1.1181e-01  -2.6159e-02   2.2523e-02   4.4084e-02   8.0391e-02
  -1.6675e-02   2.2857e-02   5.8448e-02   7.3620e-02  -2.3595e-02   1.3852e-02   6.2114e-02   2.6240e-02  -2.2501e-02   2.5529e-02  -9.0734e-03  -4.5028e-02
   6.2689e-02  -5.6232e-02   6.3076e-02   2.4602e-02   2.4162e-02   3.7962e-02   3.2364e-03  -5.6137e-02  -1.9702e-02   3.4539e-02   1.8541e-02   1.9150e-02
   1.6577e-01  -1.4630e-01   6.9303e-02  -3.3599e-02   7.9252e-02   6.5280e-02  -6.4753e-02  -1.5191e-01  -2.0167e-02   4.0155e-02   5.2939e-02   9.8704e-02
   7.0558e-03  -2.8593e-02   1.2823e-02  -6.0130e-04   1.3882e-02   1.3454e-02  -9.8688e-03  -2.5711e-02   2.9498e-03   1.7730e-02   4.4047e-03   5.7848e-03
   1.1971e-01  -4.0443e-02   1.4066e-02  -3.4037e-02   2.7826e-02   1.3484e-02  -3.1553e-02  -5.4005e-02  -2.3253e-02  -2.1404e-02   3.2267e-02   7.0264e-02
  -2.5623e-02  -7.6934e-02   1.2691e-02  -1.2111e-02   3.8032e-02   3.0190e-02  -3.7425e-02  -6.3352e-02   2.6955e-02   5.4567e-02   2.2749e-03   2.0648e-03
  -1.5038e-02   6.9907e-02   6.4956e-02   9.9324e-02  -5.0253e-02   9.3894e-04   9.7813e-02   6.8029e-02  -4.0088e-02   5.1545e-03  -1.4385e-02  -6.1107e-02
   8.1361e-02  -5.5481e-02   7.5627e-02   3.2804e-02   2.2882e-02   4.1440e-02   1.0909e-02  -5.7714e-02  -2.9049e-02   3.3054e-02   2.2316e-02   2.2870e-02
  -1.2557e-01   1.6377e-01   2.0057e-02   1.2154e-01  -1.0131e-01  -4.0940e-02   1.3957e-01   1.6613e-01  -2.5907e-02  -1.9140e-02  -4.9317e-02  -1.2650e-01
   1.3654e-01   5.8202e-02   2.0552e-02   8.9939e-03  -2.5925e-02  -1.6610e-02   3.6028e-02   3.1072e-02  -6.1242e-02  -7.3213e-02   2.4595e-02   4.7462e-02
  -1.6974e-01  -3.0502e-02  -8.6675e-02  -5.6328e-02   1.9857e-02  -1.4346e-02  -6.4241e-02  -5.0596e-03   8.3310e-02   3.9158e-02  -3.2769e-02  -4.0631e-02
   8.0849e-02  -1.1332e-01   4.3687e-02  -2.3662e-02   5.9847e-02   4.8827e-02  -5.1563e-02  -1.1069e-01   2.0628e-04   4.5214e-02   3.0228e-02   5.5433e-02
  -9.6788e-02   4.7744e-03  -1.2964e-01  -1.0494e-01   1.2950e-02  -4.3565e-02  -8.3687e-02   1.2152e-02   6.7351e-02  -2.9679e-02  -1.7792e-02   1.0496e-02
   6.9599e-02   1.3660e-02  -7.7412e-02  -9.1880e-02   1.0540e-02  -3.4265e-02  -5.9664e-02  -3.3777e-03   3.3509e-03  -7.4558e-02   1.8157e-02   7.2825e-02
   1.1028e-01   2.0006e-01   2.9275e-02   8.3602e-02  -1.0656e-01  -5.8210e-02   1.3940e-01   1.6138e-01  -1.0243e-01  -1.2761e-01   1.6973e-03  -1.2634e-02
  -2.5322e-03  -3.8864e-02   2.5077e-02   1.0207e-02   1.6733e-02   2.1434e-02  -5.9407e-03  -3.2585e-02   4.6254e-03   3.2927e-02   2.8013e-03  -2.5966e-03
  -1.5047e-01  -9.6848e-02  -1.0694e-01  -1.0962e-01   6.0817e-02  -8.5322e-04  -1.2595e-01  -6.8044e-02   1.0617e-01   5.3469e-02  -1.9717e-02  -6.0076e-04
  -1.0897e-01   1.7988e-02  -5.4747e-02  -1.9685e-02  -7.8925e-03  -2.0986e-02  -1.5866e-02   3.0081e-02   4.1225e-02   7.1943e-03  -2.5403e-02  -3.7490e-02
   1.3470e-02  -2.7099e-02   4.9872e-02   3.6191e-02   7.1709e-03   2.5780e-02   1.8726e-02  -2.3281e-02  -1.1633e-02   3.3407e-02   4.1526e-03  -9.6742e-03
   3.2951e-02  -5.9243e-02   6.5252e-02   3.3447e-02   2.3400e-02   4.0811e-02   6.8512e-03  -5.3961e-02  -1.1671e-02   4.9162e-02   1.1785e-02   2.6657e-03

 Columns 13 through 24:

  -3.9693e-02  -2.1660e-01   5.7838e-02   6.9171e-02  -7.9354e-02  -4.7907e-03   4.7285e-02   1.1939e-01  -1.6191e-01   1.0446e-01  -8.9288e-03   1.4530e-01
  -8.8630e-02   2.9715e-02  -8.3115e-02  -3.6346e-02   5.1860e-02   2.2004e-02  -4.5230e-02   2.1023e-01   9.8795e-02   1.0241e-01  -5.4435e-02   2.9988e-02
  -1.9623e-03  -2.6356e-05   4.1647e-03   6.7041e-03  -7.0937e-02  -7.6047e-02   2.1916e-02  -5.5705e-03  -5.7386e-02  -5.5663e-02   9.2801e-02  -4.0663e-02
  -2.8211e-02   6.9576e-02  -4.5464e-02  -2.6497e-02  -3.0040e-02  -6.7352e-02  -8.8383e-03   4.9791e-02   2.5087e-02  -4.2117e-02   7.4675e-02  -6.7582e-02
   4.5954e-02  -3.0994e-02   4.8561e-02   2.3398e-02  -2.1572e-02   6.7535e-04   2.4147e-02  -1.0553e-01  -5.5122e-02  -3.9194e-02   1.3208e-02   5.2451e-04
   2.9321e-02  -1.4569e-03   2.6050e-02   1.1467e-02  -3.8698e-02  -3.3683e-02   2.0503e-02  -7.4098e-02  -4.5939e-02  -5.6477e-02   5.0535e-02  -2.9416e-02
  -5.4511e-02   4.8064e-02  -5.9040e-02  -2.7853e-02  -9.9502e-03  -4.3325e-02  -1.9120e-02   1.1812e-01   4.2184e-02   1.0763e-02   3.6693e-02  -3.0689e-02
  -7.2320e-02   6.0678e-02  -8.2555e-02  -4.2782e-02   5.4457e-02   1.5891e-02  -4.6307e-02   1.6696e-01   1.0990e-01   7.0951e-02  -4.1481e-02   1.1822e-03
   3.9283e-02   4.7382e-02   9.8835e-03  -8.8281e-03   2.8102e-02   1.9755e-02  -5.3594e-03  -9.6373e-02   3.0280e-02  -4.1339e-02  -1.1451e-02  -3.4032e-02
   5.8473e-02   7.3063e-02   1.9455e-02  -6.7407e-03  -2.9687e-02  -4.7849e-02   1.4268e-02  -1.5415e-01  -1.2328e-02  -1.2099e-01   7.7881e-02  -9.4336e-02
   9.3530e-04  -5.4472e-02   2.3024e-02   2.0200e-02  -2.1627e-02  -3.9571e-04   1.5412e-02   4.1683e-03  -4.7073e-02   1.5219e-02   1.7700e-04   3.2540e-02
   5.1063e-03  -1.2718e-01   5.3803e-02   4.5096e-02  -2.3062e-02   2.9003e-02   2.8102e-02   6.8114e-03  -8.8704e-02   5.5143e-02  -3.5434e-02   9.1108e-02
   1.0000e+00   6.0263e-02   1.0048e-02  -9.2654e-03  -6.2001e-04  -1.5304e-02   2.7479e-03  -1.1115e-01   1.1880e-02  -7.5712e-02   3.2881e-02  -6.2450e-02
   6.0263e-02   1.0000e+00  -6.9728e-02  -8.6059e-02   1.6940e-02  -9.2349e-02  -3.5055e-02  -1.9159e-01   1.4698e-01  -2.2639e-01   1.3564e-01  -2.5912e-01
   1.0048e-02  -6.9728e-02   1.0000e+00   2.6542e-02  -1.3312e-02   1.6909e-02   1.7605e-02  -1.3369e-02  -5.2489e-02   2.3252e-02  -1.8396e-02   4.7551e-02
  -9.2654e-03  -8.6059e-02   2.6542e-02   1.0000e+00  -1.3842e-02   1.8487e-02   1.4972e-02   3.4709e-02  -5.2771e-02   5.0042e-02  -2.6559e-02   6.6205e-02
  -6.2001e-04   1.6940e-02  -1.3312e-02  -1.3842e-02   1.0000e+00   7.8920e-02  -2.8307e-02   1.0097e-02   7.5587e-02   5.5475e-02  -9.6950e-02   3.2992e-02
  -1.5304e-02  -9.2349e-02   1.6909e-02   1.8487e-02   7.8920e-02   1.0000e+00  -1.5079e-02   6.3283e-02   2.2845e-02   1.3437e-01  -1.5137e-01   1.2704e-01
   2.7479e-03  -3.5055e-02   1.7605e-02   1.4972e-02  -2.8307e-02  -1.5079e-02   1.0000e+00  -4.4176e-03  -4.3092e-02  -3.7602e-03   1.8995e-02   1.1983e-02
  -1.1115e-01  -1.9159e-01  -1.3369e-02   3.4709e-02   1.0097e-02   6.3283e-02  -4.4176e-03   1.0000e+00  -4.2571e-02   2.2495e-01  -1.1463e-01   1.9629e-01
   1.1880e-02   1.4698e-01  -5.2489e-02  -5.2771e-02   7.5587e-02   2.2845e-02  -4.3092e-02  -4.2571e-02   1.0000e+00  -3.9915e-02  -2.2721e-02  -8.1788e-02
  -7.5712e-02  -2.2639e-01   2.3252e-02   5.0042e-02   5.5475e-02   1.3437e-01  -3.7602e-03   2.2495e-01  -3.9915e-02   1.0000e+00  -1.9125e-01   2.4181e-01
   3.2881e-02   1.3564e-01  -1.8396e-02  -2.6559e-02  -9.6950e-02  -1.5137e-01   1.8995e-02  -1.1463e-01  -2.2721e-02  -1.9125e-01   1.0000e+00  -1.7845e-01
  -6.2450e-02  -2.5912e-01   4.7551e-02   6.6205e-02   3.2992e-02   1.2704e-01   1.1983e-02   1.9629e-01  -8.1788e-02   2.4181e-01  -1.7845e-01   1.0000e+00
  -3.5539e-02  -3.1131e-02  -1.3067e-02   4.5460e-03  -2.9298e-02  -2.6833e-02   4.2844e-03   8.4592e-02  -2.4355e-02   2.7033e-02   2.1497e-02   1.8762e-02
   3.7320e-02   1.3020e-02   2.7136e-02   9.2327e-03  -4.4263e-02  -4.3677e-02   2.2247e-02  -9.6179e-02  -4.6484e-02  -7.7006e-02   6.5474e-02  -4.6928e-02
  -5.6073e-03  -6.4790e-02   2.5046e-02   2.5951e-02  -6.0815e-02  -3.9460e-02   2.7595e-02   1.5689e-02  -8.1747e-02  -4.3352e-03   4.6001e-02   2.0173e-02
  -4.2298e-02  -8.8013e-02   3.5068e-03   2.1800e-02  -3.2372e-02  -8.2912e-03   1.2084e-02   1.0989e-01  -5.3954e-02   6.5591e-02  -4.0234e-03   6.6228e-02
   4.4068e-02   7.1658e-02   5.0477e-03  -1.4738e-02   1.9570e-02   1.8032e-03  -5.0522e-03  -1.1304e-01   3.3960e-02  -6.7451e-02   1.2367e-02  -6.0538e-02
   3.7326e-02   1.9348e-02   2.4175e-02   6.4396e-03  -3.7058e-02  -3.8603e-02   1.9003e-02  -9.6259e-02  -3.7213e-02  -7.5077e-02   5.9313e-02  -4.8012e-02
  -3.1791e-03  -5.0784e-02   1.7882e-02   1.7238e-02  -1.4062e-02   5.1713e-03   1.1328e-02   1.4267e-02  -3.7026e-02   2.2726e-02  -7.9081e-03   3.5007e-02
   4.3472e-02  -6.3050e-03   3.7902e-02   1.5457e-02  -2.8705e-02  -1.7680e-02   2.1957e-02  -1.0502e-01  -4.6757e-02  -5.7971e-02   3.5251e-02  -2.3496e-02
   5.1637e-03   3.3836e-02  -4.7546e-03  -4.6241e-03  -5.1240e-02  -6.7311e-02   1.2468e-02  -2.5349e-02  -2.6506e-02  -6.6910e-02   8.4673e-02  -5.9397e-02
   6.6437e-02   5.0200e-02   3.1686e-02  -5.1614e-04   1.6281e-03  -3.1749e-03   1.0029e-02  -1.6437e-01  -2.3620e-03  -8.8629e-02   2.5244e-02  -5.9302e-02
  -4.6770e-02  -9.5710e-02   6.8434e-04   2.0302e-02  -3.3554e-03   2.4739e-02   2.8504e-03   1.2589e-01  -3.2161e-02   9.7794e-02  -4.6081e-02   9.0746e-02
  -3.3152e-02  -1.3792e-01   2.7598e-02   3.8076e-02  -1.0307e-02   3.7941e-02   1.5221e-02   1.0027e-01  -6.6462e-02   1.0607e-01  -5.8503e-02   1.1808e-01
  -8.4557e-03  -1.3009e-01   4.6364e-02   4.5090e-02  -4.6007e-02   2.5315e-03   3.2091e-02   3.5845e-02  -1.0290e-01   5.0408e-02  -7.1927e-03   8.3957e-02
  -2.2799e-02   1.9088e-01  -9.5116e-02  -7.4882e-02   6.9674e-02  -9.7574e-03  -5.7420e-02   3.0321e-02   1.6884e-01  -4.0934e-02   6.9601e-03  -1.1216e-01
   2.0562e-02  -5.6313e-02   4.5202e-02   3.3755e-02  -1.0290e-01  -8.1590e-02   4.6791e-02  -5.3226e-02  -1.2376e-01  -6.6874e-02   1.0604e-01  -1.8611e-02
  -4.1721e-02  -1.7274e-01   3.3044e-02   4.5904e-02   4.2722e-03   6.5781e-02   1.3572e-02   1.2852e-01  -6.9039e-02   1.4694e-01  -9.5768e-02   1.5793e-01
   5.7056e-02  -3.2395e-02   6.0194e-02   2.9854e-02  -5.4401e-02  -3.1098e-02   3.7792e-02  -1.3605e-01  -8.7896e-02  -7.4769e-02   5.5697e-02  -2.0471e-02
   6.8496e-03   3.4470e-02  -1.0670e-02  -1.3254e-02   3.6132e-02   2.5935e-02  -1.4817e-02  -1.6877e-02   4.4829e-02   1.9285e-03  -2.9334e-02  -9.6104e-03
   2.5852e-02   3.3990e-02   8.0200e-03  -3.4596e-03  -1.3835e-02  -2.2606e-02   6.2754e-03  -6.8550e-02  -5.1385e-03  -5.5105e-02   3.6234e-02  -4.3526e-02
  -1.1073e-02  -2.2762e-02   7.0272e-03   1.3495e-02  -8.6429e-02  -8.5356e-02   2.7791e-02   1.7533e-02  -7.8009e-02  -4.6105e-02   1.0113e-01  -2.8203e-02
   1.6729e-02   3.9605e-03   1.4897e-02   7.3169e-03  -4.5226e-02  -4.5857e-02   1.8292e-02  -4.6430e-02  -4.2683e-02  -5.3912e-02   6.1608e-02  -3.4227e-02
  -8.0525e-03   9.1265e-03  -7.1190e-03  -1.7736e-03  -3.1179e-02  -3.8894e-02   6.2685e-03   1.2834e-02  -1.7097e-02  -2.3708e-02   4.5357e-02  -2.3489e-02
   3.8764e-02   1.7232e-01  -3.6199e-02  -4.7817e-02   8.9479e-03  -5.2222e-02  -1.8502e-02  -1.1962e-01   8.1024e-02  -1.3335e-01   7.8182e-02  -1.4908e-01
   4.0021e-02  -2.7102e-02   2.9995e-02   4.7705e-03   1.3599e-01   1.6557e-01  -2.7935e-02  -6.9680e-02   7.9069e-02   9.1223e-02  -1.9115e-01   9.0506e-02
   1.1243e-02   8.4015e-02  -3.1680e-02  -3.5531e-02   1.0695e-01   8.2041e-02  -4.3584e-02  -2.5634e-02   1.2726e-01   2.4828e-02  -9.6331e-02  -1.0937e-02
  -1.7458e-02  -5.2443e-02   2.9330e-03   8.4226e-03   4.4407e-02   6.4774e-02  -1.0835e-02   5.6448e-02   1.6637e-02   8.3763e-02  -8.5609e-02   7.4335e-02
   4.7059e-02   6.7434e-03   3.5136e-02   1.1331e-02  -2.1471e-02  -1.4494e-02   1.8660e-02  -1.1467e-01  -3.5534e-02  -6.3341e-02   3.2604e-02  -3.1155e-02
   1.3473e-02   1.1692e-01  -3.3121e-02  -3.3960e-02  -9.5870e-03  -5.5163e-02  -1.1113e-02  -5.3306e-02   4.7968e-02  -9.1756e-02   7.3268e-02  -1.0669e-01
   1.4193e-02  -8.2268e-02   4.3246e-02   3.1950e-02  -1.6398e-02   1.9767e-02   2.1630e-02  -2.1357e-02  -6.3564e-02   2.4797e-02  -2.0748e-02   5.5052e-02
   7.0648e-03   2.6366e-02   1.3385e-03   5.7785e-04  -7.4031e-02  -8.8071e-02   2.1342e-02  -3.1782e-02  -5.0054e-02  -8.2446e-02   1.1069e-01  -6.6949e-02
  -1.8204e-04   4.3293e-02  -1.5202e-02  -1.2537e-02  -1.6277e-02  -3.5215e-02  -1.5042e-03  -9.4323e-03   9.6675e-03  -3.9685e-02   4.3678e-02  -4.5469e-02
  -2.6358e-03  -1.3855e-01   4.4869e-02   3.7669e-02   6.8661e-02   1.2959e-01  -1.3128e-03   4.0115e-02  -1.5856e-02   1.4327e-01  -1.6154e-01   1.5604e-01
   4.5483e-03   4.4742e-02  -1.8670e-02  -2.0155e-02   6.5723e-02   5.2693e-02  -2.6380e-02  -9.0161e-03   7.5632e-02   2.1599e-02  -6.2809e-02  -3.2844e-04
   7.7745e-02   1.5986e-01  -5.3320e-03  -3.8948e-02   5.4565e-02   1.0764e-02  -2.0358e-02  -2.0237e-01   9.4105e-02  -1.2338e-01   1.2872e-02  -1.2301e-01
   5.6872e-02   7.3216e-02   1.5572e-02  -1.0475e-02   2.9429e-03  -1.3520e-02   3.4802e-03  -1.4574e-01   1.5286e-02  -9.3246e-02   3.5213e-02  -7.5054e-02
  -2.7938e-02  -1.0924e-01   1.8022e-02   2.6516e-02   2.3856e-02   6.3773e-02   1.4622e-03   8.7958e-02  -2.5574e-02   1.1142e-01  -8.8286e-02   1.1260e-01
  -7.3545e-02  -1.3689e-01  -7.1540e-03   2.3567e-02   3.3442e-02   7.4558e-02  -9.8478e-03   2.0115e-01  -1.1553e-02   1.7674e-01  -1.1611e-01   1.5387e-01
  -1.8175e-02  -1.2649e-01   3.6653e-02   4.0400e-02  -3.4462e-02   1.1045e-02   2.5225e-02   5.9681e-02  -8.7077e-02   6.6170e-02  -2.0653e-02   9.0364e-02
  -1.9756e-03  -6.9105e-02   2.6976e-02   2.5096e-02  -2.9739e-02  -3.7055e-03   1.9414e-02   1.2377e-02  -6.0166e-02   2.0253e-02   3.1701e-03   4.0821e-02
   1.3660e-02  -4.0013e-02   3.5145e-02   2.8514e-02  -1.2020e-01  -1.0838e-01   4.7889e-02  -4.2346e-02  -1.2618e-01  -8.4791e-02   1.3696e-01  -4.0329e-02
  -2.4246e-02  -1.3410e-01   2.9973e-02   3.5188e-02   2.7217e-02   7.8469e-02   5.2037e-03   8.4101e-02  -3.7681e-02   1.2618e-01  -1.0546e-01   1.3424e-01
   5.4891e-02   8.9926e-02   1.2588e-02  -1.0268e-02  -5.7836e-02  -8.5638e-02   1.9623e-02  -1.5272e-01  -2.4874e-02  -1.5098e-01   1.2337e-01  -1.2375e-01
   6.2461e-02   7.2909e-02   2.3946e-02  -3.9720e-03  -4.7055e-02  -6.5348e-02   2.0881e-02  -1.6598e-01  -2.8496e-02  -1.3850e-01   1.0062e-01  -1.0541e-01
   3.1152e-02   1.2492e-01  -2.2229e-02  -3.1796e-02  -1.4609e-02  -5.9614e-02  -5.9009e-03  -9.6898e-02   4.0018e-02  -1.1646e-01   8.4357e-02  -1.2118e-01
   1.2302e-02  -6.7707e-02   3.3169e-02   2.2771e-02   2.2859e-02   5.5157e-02   6.4667e-03  -1.3818e-02  -2.2735e-02   4.9286e-02  -6.4652e-02   6.6266e-02
  -2.4914e-02  -2.7705e-02  -4.3563e-03   8.3806e-03  -5.2925e-02  -5.0902e-02   1.4150e-02   5.5676e-02  -4.6794e-02  -3.6424e-03   5.4424e-02  -7.7210e-04
   4.7603e-02   1.2134e-01  -7.5233e-03  -2.5670e-02  -2.4342e-02  -6.4609e-02   2.2337e-03  -1.3627e-01   2.2616e-02  -1.3674e-01   9.5600e-02  -1.2842e-01
  -3.8100e-02  -2.3798e-01   6.6545e-02   7.5790e-02  -7.1961e-02   1.2268e-02   4.8644e-02   1.2043e-01  -1.6790e-01   1.2220e-01  -2.9621e-02   1.6696e-01
  -6.0422e-02   6.5521e-02  -7.1982e-02  -3.7297e-02   1.2964e-02  -2.7497e-02  -3.0655e-02   1.3224e-01   7.2959e-02   2.3809e-02   1.5593e-02  -3.0270e-02
  -2.2938e-02  -6.4700e-02   8.3755e-03   1.7441e-02  -1.8310e-02   1.6879e-03   9.3813e-03   6.2436e-02  -3.8877e-02   4.5414e-02  -9.9658e-03   4.9612e-02
   2.3122e-03   7.1183e-02  -2.8142e-02  -2.6503e-02   3.7752e-02   1.1468e-02  -2.2174e-02  -1.2378e-02   6.7695e-02  -1.5346e-02  -1.2577e-02  -3.7988e-02
  -2.2364e-02  -2.0147e-03  -2.1156e-02  -1.0855e-02   6.0483e-02   5.9977e-02  -2.4961e-02   6.1504e-02   5.8818e-02   7.0070e-02  -8.0695e-02   4.3038e-02
   2.6266e-02   5.6957e-02  -4.7735e-03  -1.6478e-02   4.1752e-02   2.7271e-02  -1.4707e-02  -6.5536e-02   5.2508e-02  -2.4624e-02  -2.4650e-02  -3.0462e-02
   2.3482e-03   1.7311e-02  -2.5406e-03  -2.2892e-03  -2.7674e-02  -3.6061e-02   6.7602e-03  -1.2489e-02  -1.4625e-02  -3.5152e-02   4.5223e-02  -3.1154e-02
  -5.0370e-03   2.6624e-02  -1.4456e-02  -1.0600e-02   6.8264e-03  -4.8828e-03  -7.6025e-03   8.1713e-03   2.2022e-02  -6.4004e-03   4.7159e-03  -1.6809e-02
  -5.0314e-03  -1.2148e-01   4.8334e-02   4.6408e-02  -7.8675e-02  -3.5012e-02   4.2055e-02   2.1627e-02  -1.2674e-01   1.5621e-02   4.0091e-02   5.6852e-02
   4.8224e-03   9.6585e-02  -2.8283e-02  -2.4634e-02  -5.6821e-02  -9.9176e-02   4.5672e-03  -3.6254e-02   2.3357e-03  -1.0978e-01   1.2440e-01  -1.1481e-01
   6.5586e-03  -3.1914e-03   1.1948e-02   9.8885e-03  -7.1860e-02  -7.3707e-02   2.5025e-02  -2.5146e-02  -6.3711e-02  -6.2031e-02   9.2557e-02  -4.0928e-02
   4.5282e-03  -1.3348e-01   6.1144e-02   5.3864e-02  -9.0846e-02  -4.0775e-02   5.0356e-02  -4.6502e-04  -1.4746e-01   4.6646e-03   5.0029e-02   5.7115e-02
   9.0320e-03   8.6921e-03   4.8356e-03   8.8397e-04  -1.5254e-02  -1.7691e-02   5.9758e-03  -2.4892e-02  -1.2042e-02  -2.5726e-02   2.4654e-02  -1.8612e-02
  -2.3387e-02  -1.4752e-01   3.9869e-02   4.5063e-02  -2.5095e-02   2.8451e-02   2.4041e-02   7.6910e-02  -8.8155e-02   9.1339e-02  -4.3897e-02   1.1477e-01
   3.6115e-02   5.8302e-02   6.8324e-03  -8.7248e-03  -1.5776e-02  -3.2250e-02   5.9923e-03  -9.7133e-02   1.4744e-03  -8.0771e-02   5.1561e-02  -6.7752e-02
  -1.0947e-02   9.8975e-02  -4.0933e-02  -2.8832e-02  -6.0688e-02  -1.0802e-01   1.1056e-03  -2.2352e-04   7.6223e-03  -1.0037e-01   1.3036e-01  -1.1467e-01
   1.7792e-03  -1.3481e-02   1.3300e-02   1.3510e-02  -8.5867e-02  -8.5530e-02   2.9719e-02  -1.4154e-02  -7.8491e-02  -6.2784e-02   1.0547e-01  -3.9173e-02
  -1.2547e-02   1.8994e-01  -8.1239e-02  -6.4890e-02  -1.6698e-03  -8.2967e-02  -3.1890e-02  -3.8083e-03   1.0506e-01  -1.0722e-01   1.0009e-01  -1.5569e-01
  -6.1684e-02  -1.7054e-01   1.9437e-02   4.3515e-02  -2.6867e-02   2.6960e-02   1.7622e-02   1.7051e-01  -8.4345e-02   1.3811e-01  -5.4303e-02   1.4355e-01
   5.4893e-02   1.3049e-01  -1.5166e-02  -3.9268e-02   9.8033e-02   6.3758e-02  -3.5894e-02  -1.3741e-01   1.2466e-01  -4.9797e-02  -5.9701e-02  -6.6942e-02
   1.7730e-02  -4.9195e-02   3.6680e-02   2.6097e-02  -5.6899e-02  -3.6171e-02   3.0371e-02  -4.1217e-02  -8.0911e-02  -3.1505e-02   4.9437e-02   2.9835e-03
   1.3870e-02  -3.0047e-02   1.0898e-02  -8.5992e-04   1.3874e-01   1.6350e-01  -3.5521e-02  -7.4139e-03   9.1698e-02   1.1849e-01  -1.9684e-01   1.0181e-01
  -3.6804e-02  -1.9826e-01   4.0840e-02   4.8317e-02   7.4610e-02   1.5241e-01  -3.4467e-03   1.3152e-01  -2.7038e-02   2.1523e-01  -2.0093e-01   2.1871e-01
  -1.0043e-01  -1.3335e-01  -2.4366e-02   2.1852e-02  -2.5282e-02   4.1418e-03   8.2900e-04   2.5520e-01  -4.5641e-02   1.5091e-01  -3.7989e-02   1.2424e-01
   1.7158e-02   3.8690e-02   6.9988e-04  -5.6966e-03  -2.7657e-02  -4.1332e-02   7.5506e-03  -5.0950e-02  -1.0033e-02  -6.1465e-02   5.6568e-02  -5.3061e-02
   6.8752e-02   8.2515e-02   1.2346e-02  -2.1792e-02   1.1325e-01   1.0302e-01  -2.9592e-02  -1.5940e-01   1.0540e-01  -2.0236e-02  -1.0412e-01  -2.1983e-02
   2.2545e-02   8.2022e-02  -1.8889e-02  -2.7841e-02   6.4306e-02   4.0102e-02  -2.6688e-02  -5.7924e-02   8.6022e-02  -1.8502e-02  -4.1299e-02  -3.7197e-02
   1.0999e-02   4.6991e-02  -5.1057e-03  -7.3086e-03  -5.3245e-02  -7.3480e-02   1.2694e-02  -4.1613e-02  -2.3840e-02  -8.1821e-02   9.4222e-02  -7.3138e-02
   1.7518e-02   4.1728e-02   3.3761e-03  -2.1021e-03  -7.2180e-02  -8.9944e-02   2.1276e-02  -5.8712e-02  -4.5158e-02  -9.9698e-02   1.1643e-01  -8.1569e-02

 Columns 25 through 36:

   4.5440e-02   2.8647e-02   9.4537e-02   8.6040e-02  -6.4319e-02   1.8347e-02   4.5787e-02   2.8465e-02   2.0565e-02  -3.4826e-02   6.6730e-02   1.0082e-01
   7.1770e-02  -1.2445e-01  -5.5609e-02   5.2562e-02  -7.4935e-02  -1.1679e-01  -3.1136e-02  -1.4837e-01  -1.7426e-02  -1.6497e-01   7.4733e-02   2.3488e-03
   3.0012e-02   3.4167e-02   5.0053e-02   2.9102e-02  -1.9329e-02   2.8240e-02   8.8378e-03   1.7434e-02   4.7989e-02  -9.0735e-03   3.1885e-03   3.3636e-03
   4.8380e-02  -2.4195e-02   3.1244e-03   2.8755e-02  -3.3776e-02  -2.4356e-02  -1.5973e-02  -5.1156e-02   3.6396e-02  -6.8383e-02   1.6557e-02  -2.2258e-02
  -4.1164e-02   6.3981e-02   2.8224e-02  -2.7761e-02   3.9773e-02   6.0113e-02   1.8595e-02   7.9870e-02   2.7026e-03   8.9132e-02  -3.6739e-02   5.0305e-03
  -1.4233e-02   5.1014e-02   3.1982e-02  -9.8920e-03   1.9721e-02   4.6846e-02   1.1418e-02   5.2825e-02   2.1738e-02   5.1205e-02  -2.5430e-02  -3.3491e-03
   6.4222e-02  -5.9309e-02  -1.0557e-02   4.5548e-02  -5.5605e-02  -5.7470e-02  -1.9708e-02  -8.7853e-02   2.2701e-02  -1.1078e-01   4.2757e-02  -9.1658e-03
   5.8083e-02  -1.1282e-01  -6.1383e-02   3.4577e-02  -5.7279e-02  -1.0474e-01  -3.4336e-02  -1.3494e-01  -1.5947e-02  -1.4112e-01   5.5792e-02  -1.3719e-02
  -4.4831e-02   2.0639e-02  -2.3889e-02  -4.9064e-02   4.7209e-02   2.2891e-02  -5.0666e-03   3.3911e-02  -1.5942e-02   6.4690e-02  -4.2365e-02  -2.8328e-02
  -3.8151e-02   6.6906e-02   1.4668e-02  -4.5633e-02   5.2819e-02   6.4279e-02   1.2622e-03   7.0113e-02   2.4832e-02   9.0257e-02  -6.1975e-02  -4.0215e-02
   1.1555e-03   1.9616e-02   2.6535e-02   1.2976e-02  -5.6998e-03   1.6560e-02   1.3998e-02   2.3046e-02   4.7918e-03   1.1179e-02   6.9848e-03   2.3347e-02
  -1.1077e-02   3.4877e-02   4.2910e-02   1.7197e-02  -3.6758e-03   2.9971e-02   2.9714e-02   5.0121e-02  -7.6708e-03   3.3589e-02   1.3128e-02   5.2801e-02
  -3.5539e-02   3.7320e-02  -5.6073e-03  -4.2298e-02   4.4068e-02   3.7326e-02  -3.1791e-03   4.3472e-02   5.1637e-03   6.6437e-02  -4.6770e-02  -3.3152e-02
  -3.1131e-02   1.3020e-02  -6.4790e-02  -8.8013e-02   7.1658e-02   1.9348e-02  -5.0784e-02  -6.3050e-03   3.3836e-02   5.0200e-02  -9.5710e-02  -1.3792e-01
  -1.3067e-02   2.7136e-02   2.5046e-02   3.5068e-03   5.0477e-03   2.4175e-02   1.7882e-02   3.7902e-02  -4.7546e-03   3.1686e-02   6.8434e-04   2.7598e-02
   4.5460e-03   9.2327e-03   2.5951e-02   2.1800e-02  -1.4738e-02   6.4396e-03   1.7238e-02   1.5457e-02  -4.6241e-03  -5.1614e-04   2.0302e-02   3.8076e-02
  -2.9298e-02  -4.4263e-02  -6.0815e-02  -3.2372e-02   1.9570e-02  -3.7058e-02  -1.4062e-02  -2.8705e-02  -5.1240e-02   1.6281e-03  -3.3554e-03  -1.0307e-02
  -2.6833e-02  -4.3677e-02  -3.9460e-02  -8.2912e-03   1.8032e-03  -3.8603e-02   5.1713e-03  -1.7680e-02  -6.7311e-02  -3.1749e-03   2.4739e-02   3.7941e-02
   4.2844e-03   2.2247e-02   2.7595e-02   1.2084e-02  -5.0522e-03   1.9003e-02   1.1328e-02   2.1957e-02   1.2468e-02   1.0029e-02   2.8504e-03   1.5221e-02
   8.4592e-02  -9.6179e-02   1.5689e-02   1.0989e-01  -1.1304e-01  -9.6259e-02   1.4267e-02  -1.0502e-01  -2.5349e-02  -1.6437e-01   1.2589e-01   1.0027e-01
  -2.4355e-02  -4.6484e-02  -8.1747e-02  -5.3954e-02   3.3960e-02  -3.7213e-02  -3.7026e-02  -4.6757e-02  -2.6506e-02  -2.3620e-03  -3.2161e-02  -6.6462e-02
   2.7033e-02  -7.7006e-02  -4.3352e-03   6.5591e-02  -6.7451e-02  -7.5077e-02   2.2726e-02  -5.7971e-02  -6.6910e-02  -8.8629e-02   9.7794e-02   1.0607e-01
   2.1497e-02   6.5474e-02   4.6001e-02  -4.0234e-03   1.2367e-02   5.9313e-02  -7.9081e-03   3.5251e-02   8.4673e-02   2.5244e-02  -4.6081e-02  -5.8503e-02
   1.8762e-02  -4.6928e-02   2.0173e-02   6.6228e-02  -6.0538e-02  -4.8012e-02   3.5007e-02  -2.3496e-02  -5.9397e-02  -5.9302e-02   9.0746e-02   1.1808e-01
   1.0000e+00  -1.8325e-02   2.1980e-02   4.4720e-02  -4.3370e-02  -2.0429e-02   2.7216e-03  -3.2929e-02   1.9104e-02  -6.1220e-02   3.6811e-02   2.0918e-02
  -1.8325e-02   1.0000e+00   3.4145e-02  -1.5998e-02   2.6687e-02   5.5756e-02   1.0882e-02   6.1562e-02   2.6939e-02   6.2519e-02  -3.4486e-02  -1.0648e-02
   2.1980e-02   3.4145e-02   1.0000e+00   3.4730e-02  -2.2073e-02   2.7750e-02   1.9825e-02   2.7916e-02   3.0234e-02  -1.7613e-03   1.5060e-02   3.0522e-02
   4.4720e-02  -1.5998e-02   3.4730e-02   1.0000e+00  -5.2257e-02  -1.9417e-02   1.3192e-02  -2.5339e-02   1.2048e-02  -6.2260e-02   5.0680e-02   4.5950e-02
  -4.3370e-02   2.6687e-02  -2.2073e-02  -5.2257e-02   1.0000e+00   2.8613e-02  -7.8587e-03   3.6157e-02  -6.5702e-03   6.7868e-02  -4.9798e-02  -3.8959e-02
  -2.0429e-02   5.5756e-02   2.7750e-02  -1.9417e-02   2.8613e-02   1.0000e+00   8.6686e-03   5.7711e-02   2.3209e-02   6.1793e-02  -3.5494e-02  -1.3579e-02
   2.7216e-03   1.0882e-02   1.9825e-02   1.3192e-02  -7.8587e-03   8.6686e-03   1.0000e+00   1.4030e-02   9.2114e-04   3.4470e-03   1.0037e-02   2.2281e-02
  -3.2929e-02   6.1562e-02   2.7916e-02  -2.5339e-02   3.6157e-02   5.7711e-02   1.4030e-02   1.0000e+00   1.2208e-02   7.8974e-02  -3.7712e-02  -4.4484e-03
   1.9104e-02   2.6939e-02   3.0234e-02   1.2048e-02  -6.5702e-03   2.3209e-02   9.2114e-04   1.2208e-02   1.0000e+00  -1.3744e-03  -8.2183e-03  -1.2879e-02
  -6.1220e-02   6.2519e-02  -1.7613e-03  -6.2260e-02   6.7868e-02   6.1793e-02   3.4470e-03   7.8974e-02  -1.3744e-03   1.0000e+00  -6.6668e-02  -3.3553e-02
   3.6811e-02  -3.4486e-02   1.5060e-02   5.0680e-02  -4.9798e-02  -3.5494e-02   1.0037e-02  -3.7712e-02  -8.2183e-03  -6.6668e-02   1.0000e+00   4.8779e-02
   2.0918e-02  -1.0648e-02   3.0522e-02   4.5950e-02  -3.8959e-02  -1.3579e-02   2.2281e-02  -4.4484e-03  -1.2879e-02  -3.3553e-02   4.8779e-02   1.0000e+00
   1.1233e-02   3.2647e-02   5.7824e-02   3.7920e-02  -2.2887e-02   2.6143e-02   3.0476e-02   3.8340e-02   9.1205e-03   7.4857e-03   2.6193e-02   5.7553e-02
